Gold: 4372.945028066635
AdvancedNegGrad: 16.651837587356567
Bad_teaching: 27.872743844985962
Finetuning: 8.325914859771729
Finetuning: 5.794204235076904
Fisher Forgetting: 3287.377717256546
eu-3: 81.18488788604736
NegGrad: 3.1166467666625977
Scrub: 12.984254598617554
SSD: 16.472552061080933
UNSIR: 24.558217763900757
Finetuning: 6.350396633148193
SRL: 11.18481159210205
SaliencyMapGeneration: 3.710265874862671
SRL: 11.938190460205078

Gold: 4249.8495581150055
AdvancedNegGrad: 17.185437440872192
Bad_teaching: 27.910237073898315
Finetuning: 8.294458389282227
Finetuning: 5.607375860214233
Fisher Forgetting: 3381.1366901397705
eu-3: 81.0017569065094
NegGrad: 3.1433823108673096
Scrub: 13.148053884506226
SSD: 16.547120332717896
UNSIR: 24.582067251205444
Finetuning: 6.398470163345337
SRL: 10.966229438781738
SaliencyMapGeneration: 3.660752058029175
SRL: 11.921525001525879

Gold: 3236.3377406597137
AdvancedNegGrad: 19.40587306022644
Bad_teaching: 27.985731840133667
Finetuning: 8.490147590637207
Finetuning: 5.8416969776153564
Fisher Forgetting: 3328.798926115036
eu-3: 79.51405382156372
NegGrad: 3.1828055381774902
Scrub: 13.32595181465149
SSD: 16.692623138427734
UNSIR: 24.665995359420776
Finetuning: 6.426242113113403
SRL: 10.915517807006836
SaliencyMapGeneration: 3.6820967197418213
SRL: 11.92166805267334
