Gold: 461.81658387184143*
AdvancedNegGrad: 12.616122245788574
Bad_teaching: 5.941415786743164
Finetuning: 0.6969833374023438
Finetuning: 0.5793495178222656
Fisher Forgetting: 57.60623709201813
eu-3: 7.190792560577393
NegGrad: 0.144150972366333
Scrub: 1.1311466693878174
SSD: 11.779324769973755
UNSIR: 4.439262390136719
Finetuning: 0.42359232902526855
SRL: 0.7425346374511719
SaliencyMapGeneration: 1.9964840412139893
SRL: 0.7771191596984863

Gold: 461.5513114929199*
AdvancedNegGrad: 14.020624160766602
Bad_teaching: 6.070361137390137
Finetuning: 0.5406234264373779
Finetuning: 0.6058964729309082
Fisher Forgetting: 59.218369667530055
eu-3: 7.090807199478149
NegGrad: 0.14723539352416992
Scrub: 1.119149923324585
SSD: 11.963196039199829
UNSIR: 4.512261390686035
Finetuning: 0.36958909034729004
SRL: 0.680666446685791
SaliencyMapGeneration: 2.0101571083068848
SRL: 0.8121981620788574

Gold: 461.6955945491791*
AdvancedNegGrad: 12.652783155441284
Bad_teaching: 5.967743635177612
Finetuning: 0.5012755393981934
Finetuning: 0.6149489879608154
Fisher Forgetting: 58.7015081167221
eu-3: 7.316446542739868
NegGrad: 0.14045953750610352
Scrub: 1.2271342277526855
SSD: 11.925641536712646
UNSIR: 4.48143196105957
Finetuning: 0.38225388526916504
SRL: 0.6783685684204102
SaliencyMapGeneration: 2.0170071125030518
SRL: 0.8583011627197266
