Gold: 464.109495639801
AdvancedNegGrad: 12.249311685562134
Bad_teaching: 10.697758913040161
Finetuning: 4.421919107437134
Finetuning: 1.9132184982299805
Fisher Forgetting: 1746.090812444687
eu-3: 7.264653205871582
NegGrad: 1.492908000946045
Scrub: 6.431116342544556
SSD: 7.796584606170654
UNSIR: 7.552509069442749
Finetuning: 2.9775390625
SRL: 4.808306694030762
SaliencyMapGeneration: 2.3495612144470215
SRL: 5.054926872253418

Gold: 464.5923225879669
AdvancedNegGrad: 12.011275291442871
Bad_teaching: 10.607460021972656
Finetuning: 4.4309282302856445
Finetuning: 1.8233940601348877
Fisher Forgetting: 1754.4412446022034
eu-3: 6.610234022140503
NegGrad: 1.2188208103179932
Scrub: 6.1606316566467285
SSD: 7.673395872116089
UNSIR: 7.477782249450684
Finetuning: 2.841209888458252
SRL: 4.712212085723877
SaliencyMapGeneration: 2.32W17620849609375
SRL: 5.048882961273193

Gold: 457.2287247180939
AdvancedNegGrad: 12.370346784591675
Bad_teaching: 11.057905912399292
Finetuning: 4.482283353805542
Finetuning: 2.0338191986083984
Fisher Forgetting: 1737.8432977199554
eu-3: 6.786187171936035
NegGrad: 1.1612415313720703
Scrub: 6.454372882843018
SSD: 7.770723819732666
UNSIR: 7.577967643737793
Finetuning: 2.96881103515625
SRL: 4.6949028968811035
SaliencyMapGeneration: 2.3331127166748047
SRL: 5.094695091247559
