Gold: 1594.3165845870972
AdvancedNegGrad: 276.5432913303375
Bad_teaching: 155.62881207466125
Finetuning: 43.43743848800659
Finetuning: 35.66342067718506
Fisher Forgetting: 1816.6282725334167
eu-3: 176.16479349136353
NegGrad: 0.3463304042816162
Scrub: 68.29331278800964
SSD: 101.25245833396912
UNSIR: 3.9327993392944336
Finetuning: 39.072715759277344
SRL: 40.14802575111389
SaliencyMapGeneration: 1.522387981414795
SRL: 41.04909634590149

Gold: 1617.2314856052399
AdvancedNegGrad: 276.9710681438446
Bad_teaching: 158.64404249191284
Finetuning: 44.081308364868164
Finetuning: 35.816524267196655
Fisher Forgetting: 1712.6152826690675
eu-3: 166.61287879943848
NegGrad: 0.32715773582458496
Scrub: 64.5500967502594
SSD: 101.70019435882568
UNSIR: 3.9631853103637695
Finetuning: 39.16499447822571
SRL: 40.88470125198364
SaliencyMapGeneration: 1.558344841003418
SRL: 41.162755489349365

Gold: 1584.8357911109924
AdvancedNegGrad: 279.06874442100525
Bad_teaching: 155.7620885372162
Finetuning: 43.23821139335632
Finetuning: 35.06626892089844
Fisher Forgetting: 1788.850764541626
eu-3: 166.23280429840088
NegGrad: 0.32717037200927734
Scrub: 65.13795256614685
SSD: 103.1240565776825
UNSIR: 3.908886671066284
Finetuning: 39.02767610549927
SRL: 40.284966707229614
SaliencyMapGeneration: 1.528834342956543
SRL: 41.03057360649109
