Gold: 298.69119215011597
AdvancedNegGrad: 1.4498708248138428
Bad_teaching: 1.3149797916412354
Finetuning: 0.21049261093139648
Finetuning: 0.1806032657623291
Fisher Forgetting: 50.01171989440918
eu-3: 2.9843263626098633
NegGrad: 0.04922962188720703
Scrub: 0.4048426151275635
SSD: 1.01871657371521
UNSIR: 0.5283634662628174
Finetuning: 0.16371703147888184
SRL: 0.31372690200805664
SaliencyMapGeneration: 0.20229649543762207
SRL: 0.34055614471435547

Gold: 301.7188699245453
AdvancedNegGrad: 1.4353680610656738
Bad_teaching: 1.2192697525024414
Finetuning: 0.21674036979675293
Finetuning: 0.19058847427368164
Fisher Forgetting: 49.570940828323366
eu-3: 3.0175867080688477
NegGrad: 0.050560712814331055
Scrub: 0.41038084030151367
SSD: 1.0240585803985596
UNSIR: 0.5322391986846924
Finetuning: 0.16562962532043457
SRL: 0.31295204162597656
SaliencyMapGeneration: 0.188826322555542
SRL: 0.32392406463623047

Gold: 311.1472415924072
AdvancedNegGrad: 1.4246611595153809
Bad_teaching: 1.2388265132904053
Finetuning: 0.2130892276763916
Finetuning: 0.19646358489990234
Fisher Forgetting: 50.40581569671631
eu-3: 2.9916555881500244
NegGrad: 0.052278995513916016
Scrub: 0.4309864044189453
SSD: 1.0293173789978027
UNSIR: 0.5315873622894287
Finetuning: 0.16071844100952148
SRL: 0.32250022888183594
SaliencyMapGeneration: 0.19852113723754883
SRL: 0.4587712287902832
